1,2,3,5->1,2,3,5,11
1,2,3,5->1,2,3,5,16,17
1,2,3,5->1,2,3,100,5,321,452,554,239,242,403,631,282,317
1,2,3,5->1,2,3,5,264,536,673,422,295,679,680,42,681,682,685,304,563,310,570,703,68,327,329,468,353,228,103,617,238,496
1,2,3,5->1,2,3,5,135,647,276,539,40,556,303,179,694,568,569,442,570,323,584,336,337,465,466,468,720,721,722,473,478,606,607,486,363
1,2,3,5->1,2,3,5,261,652,144,529,658,662,153,538,670,674,420,293,170,171,426,558,691,439,55,189,448,717,212,348,736,610,484,628,378,638,639
1,2,3,5->1,2,3,5,261,652,144,529,18,658,662,153,538,670,674,420,293,170,171,426,558,691,55,439,448,75,717,212,348,477,96,736,610,738,484,628,378,638,639
1,2,3,5->1,2,3,5,261,652,144,529,658,661,662,153,538,670,674,420,293,677,170,171,426,558,691,439,55,448,717,212,726,348,477,736,610,484,740,628,378,638,639
1,2,3,5->1,2,3,5,261,652,144,272,529,658,662,153,538,670,674,420,293,170,171,426,558,691,439,55,695,448,204,717,212,348,477,736,610,484,628,378,638,639
1,2,3,5->1,2,3,5,261,652,144,529,658,662,153,538,670,674,420,293,170,171,426,558,691,439,55,448,717,719,723,212,348,736,610,484,250,628,378,638,639
1,2,3,5,11->1,2,3,5,264,11,673,422,295,679,680,42,681,682,685,563,310,570,68,327,329,468,353,228,103,238,496
1,2,3,100,5,321,452,554,239,242,403,631,282,317->1,2,3,100,5,321,452,554,429,239,242,403,631,282,317
1,2,3,68,5,327,264,329,11,468,673,418,353,228,422,295,679,680,42,681,682,685,103,238,496,563,310,570->1,2,3,5,264,11,673,418,422,295,679,680,42,681,682,685,435,563,310,570,68,327,329,468,353,228,103,493,238,496
1,2,3,68,5,327,264,329,11,468,673,353,228,422,295,679,680,42,681,682,685,103,238,496,563,310,570->1,2,3,5,264,11,673,418,422,295,679,680,42,681,682,685,563,310,570,68,327,329,468,353,228,103,238,496
1,2,3,68,5,327,264,329,11,468,673,353,228,422,295,679,680,42,681,682,685,103,238,496,563,310,570->1,2,3,5,264,265,11,673,422,295,679,680,42,681,682,685,563,310,570,68,327,329,468,353,228,103,238,496
1,2,3,68,5,327,264,329,11,468,673,353,228,422,295,679,680,42,681,682,685,103,238,496,563,310,570->1,2,3,5,264,11,673,422,295,679,680,42,681,682,685,563,310,570,68,327,329,468,353,228,103,238,496,121
1,2,3,68,5,327,264,329,11,468,673,353,228,422,295,679,680,42,681,682,685,103,238,496,563,310,570->1,2,3,5,264,11,536,673,422,295,679,680,42,681,682,685,563,310,570,68,327,329,468,353,228,103,617,238,496
1,2,3,68,5,327,264,329,11,468,673,353,228,422,295,679,680,42,681,682,685,103,238,496,563,310,570->1,2,3,5,264,11,536,415,673,422,295,679,680,42,681,682,685,560,690,563,182,310,570,68,327,329,468,353,228,103,238,496
1,2,3,68,5,327,264,329,11,468,673,353,228,422,295,679,680,42,681,682,685,103,238,496,563,310,570->1,2,3,5,264,11,405,673,422,295,679,680,42,681,682,685,563,310,570,68,327,329,468,353,228,103,238,496
1,2,3,5,261,652,144,529,658,662,153,538,669,670,674,420,293,170,171,426,558,691,439,55,189,448,204,717,212,348,477,736,610,484,628,378,638,639->1,2,3,5,261,652,144,529,658,662,153,538,669,670,674,420,293,170,171,426,558,691,439,55,189,448,204,717,212,348,477,736,610,484,628,633,378,638,639
496,563,228,68,5,327,570->1,2,3,5,264,11,673,422,295,679,680,42,681,682,685,563,310,570,68,327,329,468,353,228,103,238,496
496,563,228,68,5,327,570->1,2,3,5,264,536,673,422,295,679,680,42,681,682,685,304,563,310,570,703,68,327,329,468,353,228,103,617,238,496
1,2,3,5,261,652,144,529,658,662,153,538,670,674,420,293,170,171,426,558,691,439,55,189,448,204,717,212,348,477,736,610,484,628,378,638,639->1,2,3,5,261,652,144,529,658,662,153,538,669,670,674,420,293,170,171,426,558,691,439,55,189,448,204,717,212,348,477,736,610,484,628,378,638,639
1,2,3,5,261,652,144,529,658,662,153,538,669,670,674,420,293,170,171,426,558,691,439,55,189,448,717,212,348,736,610,484,628,378,638,639->1,2,3,5,261,652,144,529,658,662,153,538,669,670,674,420,293,170,171,426,558,691,439,55,189,448,204,717,212,348,477,736,610,484,628,378,638,639
1,2,3,5,261,652,144,529,658,662,153,538,670,674,420,293,170,171,426,558,691,439,55,189,448,717,212,348,736,610,484,628,378,638,639->1,2,3,5,261,652,144,529,658,662,153,538,670,674,420,293,170,171,426,558,691,439,55,189,448,204,717,212,348,477,736,610,484,628,378,638,639
1,2,3,5,261,652,144,529,658,662,153,538,670,674,420,293,170,171,426,558,691,439,55,189,448,717,212,348,736,610,484,628,378,638,639->1,2,3,5,261,652,144,529,658,662,153,538,669,670,674,420,293,170,171,426,558,691,439,55,189,448,717,212,348,736,610,484,628,378,638,639
1,2,3,5,261,652,144,272,529,658,662,153,538,670,674,420,293,170,171,426,558,691,439,55,695,448,204,717,212,348,477,736,610,484,628,378,638,639->1,2,3,5,261,652,144,272,529,658,662,153,538,670,34,674,420,293,170,171,426,558,691,55,439,695,448,204,717,212,348,477,604,736,610,484,628,378,638,639
